>> A = [9 3 2 0 7; 7 6 9 6 4; 2 7 7 8 2; 0 9 7 2 2; 7 3 6 4 3]

A =

     9     3     2     0     7
     7     6     9     6     4
     2     7     7     8     2
     0     9     7     2     2
     7     3     6     4     3

>> b = [35, 58, 53, 37, 39]

b =

    35    58    53    37    39

>> PivotSolve(A,b')

ans =

    0.0000    1.0000    2.0000    3.0000    4.0000