>> (10000000000000 + -10000000000000) + .00000001

ans =

   1.0000e-08

>> 10000000000000 + (-10000000000000 + .00000001)

ans =

     0