>> [Q, R] = qr(A);
>> [Qn, Rn] = qr(A'*A);
>> cond(R)

ans =

     2.035662963861317e+07

>> cond(Rn)

ans =

     4.138669220598705e+14
