>> cnormal = (A'*A)\(A'*b')

cnormal =

   1.000000032521446
  -0.000010998683460
  -7.999562825884168
  -0.006728614560766
  10.720073608297179
  -0.248463295429089
  -4.966699583559977
  -1.345726488854232
   3.220313782953815
  -1.134708087892108
   0.107868811092834