>> x = [1 2.5 4]

x =

    1.0000    2.5000    4.0000

>> y = [ 1 8 5]

y =

     1     8     5

>> N = NewtonMatrix(x)

N =

    1.0000         0         0
    1.0000    1.5000         0
    1.0000    3.0000    4.5000

>> c = N\y'

c =

    1.0000      %c_0
    4.6667      %c_1
   -2.2222      %c_2
