>> z

z =

         0    1.0472    2.0944    3.1416

>> N  =  NewtonMatrix(z)

N =

    1.0000         0         0         0
    1.0000    1.0472         0         0
    1.0000    2.0944    2.1932         0
    1.0000    3.1416    6.5797    6.8903

>> x = linspace(0 , pi, 300);
>> plot(x,polyval(flipud(N(1,:)'),x))
plot(x,polyval(flipud(N(2,:)'),x))
plot(x,polyval(flipud(N(3,:)'),x))
plot(x,polyval(flipud(N(4,:)'),x))
>> 