>> x

x =

     0    20    40    60    80   100

>> y

y =

   76.0000  105.7000  131.7000  179.3000  226.5000  281.4000

>> c = polyfit(x,y,5)

c =

    0.0000   -0.0001    0.0048   -0.1711    3.3644   76.0000

>> xx = linspace(0,120,120);
>> hold on
>> plot(x,y,'o')
>> xx = linspace(0,120,120);