>> N = NewtonMatrix(x(1:1))

N =

     1

>> c = N\y(1:1)'

c =

    76

>> N = NewtonMatrix(x(1:2))

N =

     1     0
     1    20

>> c = N\y(1:2)'

c =

   76.0000
    1.4850

>> N = NewtonMatrix(x(1:3))

N =

     1     0     0
     1    20     0
     1    40   800

>> c = N\y(1:3)'

c =

   76.0000
    1.4850
   -0.0046