>> x = [1 2.5 4]

x =

    1.0000    2.5000    4.0000

y = [1 8 5]

y =

     1     8     5

V = [x'.^0, x', x'.^2]

V =

    1.0000    1.0000    1.0000
    1.0000    2.5000    6.2500
    1.0000    4.0000   16.0000

c = V\y'

c =

   -9.2222      %c_0
   12.4444      %c_1
   -2.2222      %c_2