>> A = [1 2 3; 4 5 6; 7 8 0]

A =

     1     2     3
     4     5     6
     7     8     0

>> [L,U] = LUNoPivot(A)

L =

     1     0     0
     4     1     0
     7     2     1


U =

     1     2     3
     0    -3    -6
     0     0    -9

>> L*U

ans =

     1     2     3
     4     5     6
     7     8     0