>> U = [1 3 8 3 1;0 7 5 3 1; 0 0 1 3 4; 0 0 0 12 3; 0 0 0 0 3]

U =

     1     3     8     3     1
     0     7     5     3     1
     0     0     1     3     4
     0     0     0    12     3
     0     0     0     0     3

>> b = [2 2 2 1 2]

b =

     2     2     2     1     2

>> X = usolve(U, b)

X =

    3.3452    0.5238   -0.4167   -0.0833    0.6667

>> Y = linsolve(U,b')

Y =

    3.3452
    0.5238
   -0.4167
   -0.0833
    0.6667