f(0)

ans =

    0.5000

f(1)

ans =

    0.7311

x = [0:.1:1]

x =

  Columns 1 through 7

         0    0.1000    0.2000    0.3000    0.4000    0.5000    0.6000

  Columns 8 through 11

    0.7000    0.8000    0.9000    1.0000

f(x)

ans =

  Columns 1 through 7

    0.5000    0.5250    0.5498    0.5744    0.5987    0.6225    0.6457

  Columns 8 through 11

    0.6682    0.6900    0.7109    0.7311

