x = 12

count = 1

hist = []


while count< 10
     x = cos(x)
     hist = [hist; x]
     count = count+1
end


x =

     7.436336063810779e-01


hist =

     8.438539587324921e-01
     6.645880521849051e-01
     7.871709145124681e-01
     7.058521464152847e-01
     7.610590556006372e-01
     7.241059982749000e-01
     7.490919670019339e-01
     7.323075176281578e-01
     7.436336063810779e-01

