1.62*err(7)*err(6)

ans =

     1.258864094087780e-17

diary off
