f = @(x) (5 - x)*exp(x) - 5

f =

  <a href="matlab:helpPopup function_handle" style="font-weight:bold">function_handle</a> with value:

    @(x)(5-x)*exp(x)-5

[root, history] = HW2Bisect(4,5,f,1e-7)

root =

   4.965114176273346


history =

   4.000000000000000   5.000000000000000
   4.500000000000000   5.000000000000000
   4.750000000000000   5.000000000000000
   4.875000000000000   5.000000000000000
   4.937500000000000   5.000000000000000
   4.937500000000000   4.968750000000000
   4.953125000000000   4.968750000000000
   4.960937500000000   4.968750000000000
   4.964843750000000   4.968750000000000
   4.964843750000000   4.966796875000000
   4.964843750000000   4.965820312500000
   4.964843750000000   4.965332031250000
   4.965087890625000   4.965332031250000
   4.965087890625000   4.965209960937500
   4.965087890625000   4.965148925781250
   4.965087890625000   4.965118408203125
   4.965103149414063   4.965118408203125
   4.965110778808594   4.965118408203125
   4.965110778808594   4.965114593505859
   4.965112686157227   4.965114593505859
   4.965113639831543   4.965114593505859
   4.965114116668701   4.965114593505859
   4.965114116668701   4.965114355087280
   4.965114116668701   4.965114235877991

