err(2)/err(1)^2

ans =

     9.827581952581104e-01

err(3)/err(2)^2

ans =

     1.016820480396692e+00

err(4)/err(3)^2

ans =

     1.018006055849449e+00

