buildseq(4)

ans =

   1.000000000000000   1.500000000000000   1.750000000000000   1.875000000000000

