f = @(x) x^2 - 4

f =

    @(x)x^2-4

format long

[root, history] = HW2Bisect(0,5,f,1e-6)

root =

   1.999999880790710


history =

                   0   5.000000000000000
                   0   2.500000000000000
   1.250000000000000   2.500000000000000
   1.875000000000000   2.500000000000000
   1.875000000000000   2.187500000000000
   1.875000000000000   2.031250000000000
   1.953125000000000   2.031250000000000
   1.992187500000000   2.031250000000000
   1.992187500000000   2.011718750000000
   1.992187500000000   2.001953125000000
   1.997070312500000   2.001953125000000
   1.999511718750000   2.001953125000000
   1.999511718750000   2.000732421875000
   1.999511718750000   2.000122070312500
   1.999816894531250   2.000122070312500
   1.999969482421875   2.000122070312500
   1.999969482421875   2.000045776367188
   1.999969482421875   2.000007629394531
   1.999988555908203   2.000007629394531
   1.999998092651367   2.000007629394531
   1.999998092651367   2.000002861022949
   1.999998092651367   2.000000476837158
   1.999999284744263   2.000000476837158

