x = [7 1 8 2]

x =

     7     1     8     2

p = -1+3*x-2*x.^3

p =

   -666     0  -1001    -11
