x = [7 1 8 2]

x =

     7     1     8     2

p = [-2 0 3 -1]

p =

    -2    0    3    -1

polyval(p,x)

ans =

   -66     0  -1001    -11


