ef = f(hist);
ef(7)*ef(6)*1.62

ans =

     2.408704786647276e-13

ans*ef(7)*1.62

ans =

     1.670489240767246e-21

diary off
