>> L = [2 0 0; -(1/2) ((15)^(1/2))/2 0; (-1/2) -((15)^(1/2))/6  ((30)^(1/2))/3]

L =

   2.000000000000000                   0                   0
  -0.500000000000000   1.936491673103709                   0
  -0.500000000000000  -0.645497224367903   1.825741858350554

>> L*L'

ans =

     4    -1    -1
    -1     4    -1
    -1    -1     4