>> A = [10e-16 1; 1 1]

A =

   0.000000000000001   1.000000000000000
   1.000000000000000   1.000000000000000

>> b = [2,3]

b =

     2     3

>> NoPivotSolve(A,b)

ans =

   1.110223024625157   1.999999999999999